Total Number of Reads:
363246735
Percentage of Matched Reads:
89.43361569375152%
Percentage of Unknown Reads:
10.39657631058955%
Overall Amount of Index Swapping:
0.16980799565892865%
Percentage of Reads from each sample:
TAGCCATG:2.8695382492563906%
CGATCGAT:1.5153542949257341%
GTCCTAAG:2.3805909776449883%
CACTTCAC:1.1345412368262582%
ATCATGCG:2.7147971474540578%
TCGGATTC:1.2379227579292627%
ATCGTGGT:1.8613948450218003%
ACGATCAG:2.151079485958766%
GATCAAGG:1.777581565874226%
TCGAGAGT:3.1558747527352176%
TACCGGAT:20.54858497214022%
CTCTGGAT:9.414986207653044%
TGTTCCGT:4.263065984612361%
GCTACTCT:1.981348297597224%
CGGTAATC:1.3500022236951421%
AGGATAGC:2.3416805109067256%
AACAGCGA:2.3895064053363066%
CTAGCTCA:4.678326427352472%
GTAGCGTA:2.1854552939064957%
AGAGTCCA:3.046853263526237%
TCTTCGAC:11.396852610388914%
TCGACAAG:1.0388120900797635%
TATGGCAC:3.0112647812237046%
GATCTTGC:0.9882013117062154%
