Total Number of Reads:
363246735
Percentage of Matched Reads:
83.95953510772782%
Percentage of Unknown Reads:
15.897968910856141%
Overall Amount of Index Swapping:
0.1424959814160477%
Percentage of Reads from each sample:
ATCGTGGT:1.7502307350401924%
AGGATAGC:2.2238484813910304%
AACAGCGA:2.2514148681886983%
GTAGCGTA:2.0510028810031837%
TAGCCATG:2.7122770972738404%
GATCAAGG:1.6754218038601227%
CGATCGAT:1.4386298613255257%
CACTTCAC:1.055381819192401%
TCGACAAG:0.9768954977668278%
ATCATGCG:2.550501933623712%
ACGATCAG:2.0486683796345755%
TCGGATTC:1.146139414026667%
TGTTCCGT:4.070750422574342%
CTCTGGAT:8.854408285321545%
CGGTAATC:1.2383142273804608%
TACCGGAT:19.079888770369816%
TCGAGAGT:2.9341521817119705%
CTAGCTCA:4.449563737992029%
GATCTTGC:0.9430099901655%
TATGGCAC:2.8068538592645575%
GCTACTCT:1.8199356974261585%
AGAGTCCA:2.85711198477806%
GTCCTAAG:2.2475695480098397%
TCTTCGAC:10.777563630406755%
