Total Number of Reads:
363246735
Percentage of Matched Reads:
91.05062293264659%
Percentage of Unknown Reads:
8.762325420488638%
Overall Amount of Index Swapping:
0.1870516468647681%
Percentage of Reads from each sample:
TCGGATTC:1.2650159126688365%
TATGGCAC:3.0695587669907067%
GTAGCGTA:2.227975428326974%
ATCATGCG:2.7678065709248565%
GATCTTGC:1.0003789848241857%
TAGCCATG:2.9179805291298764%
TGTTCCGT:4.32090518308444%
CGATCGAT:1.5389476246772047%
CTAGCTCA:4.755136202394221%
AGAGTCCA:3.1050676890461246%
TACCGGAT:20.95525676232162%
AACAGCGA:2.433635914167267%
CACTTCAC:1.1516431111211503%
CTCTGGAT:9.596185633987874%
GTCCTAAG:2.423429903643869%
ACGATCAG:2.1815510606034767%
CGGTAATC:1.3867673167110506%
TCTTCGAC:11.564171939494514%
ATCGTGGT:1.8919710317561425%
TCGAGAGT:3.2205988031798825%
AGGATAGC:2.3795068660424437%
GCTACTCT:2.0322362980082946%
GATCAAGG:1.8075903696698057%
TCGACAAG:1.0573050298717757%
